<TICKER>,<PER>,<DATE>,<TIME>,<OPEN>,<HIGH>,<LOW>,<CLOSE>,<VOL>
ICE.BRN,W,20150105,000000,55.7500000,56.3000000,48.9000000,49.3800000,840074
ICE.BRN,W,20150112,000000,49.4000000,50.6200000,45.1900000,49.9100000,501300
ICE.BRN,W,20150119,000000,49.9200000,50.4500000,47.7800000,47.9700000,797479
ICE.BRN,W,20150126,000000,47.9500000,53.0800000,47.5700000,52.1000000,824683
ICE.BRN,W,20150202,000000,52.0900000,60.0800000,51.4100000,58.6000000,621328
ICE.BRN,W,20150209,000000,58.5600000,61.7700000,55.1600000,62.0300000,826818
ICE.BRN,W,20150216,000000,62.0500000,63.0000000,57.8000000,59.8900000,681300
ICE.BRN,W,20150223,000000,59.9000000,62.8300000,58.1000000,62.8900000,864966
ICE.BRN,W,20150302,000000,62.8300000,62.9600000,59.6700000,59.7500000,206752
ICE.BRN,W,20150309,000000,59.8400000,60.5000000,54.7500000,53.9900000,465614
ICE.BRN,W,20150316,000000,53.9900000,56.8400000,52.5700000,54.7000000,743148
ICE.BRN,W,20150323,000000,54.7500000,59.7800000,54.1200000,55.9400000,818660
ICE.BRN,W,20150330,000000,55.9400000,58.3200000,54.7000000,56.4700000,563068
ICE.BRN,W,20150406,000000,56.4800000,60.3200000,55.6900000,58.8900000,406102
ICE.BRN,W,20150413,000000,58.9200000,64.9500000,58.5600000,64.0000000,772897
ICE.BRN,W,20150420,000000,64.0100000,65.8000000,61.3900000,65.4400000,747784
ICE.BRN,W,20150427,000000,65.4600000,66.9300000,63.9000000,67.3300000,619751
ICE.BRN,W,20150504,000000,67.1300000,69.6300000,64.2300000,66.1300000,457927
ICE.BRN,W,20150511,000000,66.0900000,68.5200000,65.0100000,66.9100000,649312
ICE.BRN,W,20150518,000000,66.9100000,67.8800000,63.9500000,65.4900000,729588
ICE.BRN,W,20150525,000000,65.5500000,66.2200000,61.2400000,65.1900000,746451
ICE.BRN,W,20150601,000000,65.2400000,66.5000000,61.6700000,63.6900000,350544
ICE.BRN,W,20150608,000000,63.6600000,66.9400000,63.0400000,64.1500000,427754
ICE.BRN,W,20150615,000000,64.1600000,65.4700000,62.3400000,62.7100000,829050
ICE.BRN,W,20150622,000000,62.6700000,65.0500000,62.1000000,62.5600000,716220
ICE.BRN,W,20150629,000000,62.5500000,63.8300000,60.6300000,60.2900000,545866
ICE.BRN,W,20150706,000000,60.1300000,60.5400000,55.6000000,58.1900000,450390
ICE.BRN,W,20150713,000000,58.1600000,59.1400000,56.4000000,57.1600000,716247
ICE.BRN,W,20150720,000000,57.1900000,57.4400000,54.3000000,54.6200000,598282
ICE.BRN,W,20150727,000000,54.6200000,54.8900000,51.6300000,51.7000000,747801
ICE.BRN,W,20150803,000000,51.7400000,52.0100000,48.4200000,48.4200000,763536
ICE.BRN,W,20150810,000000,48.4200000,51.6900000,48.2400000,48.6200000,767426
ICE.BRN,W,20150817,000000,48.6400000,49.4400000,45.0700000,45.4200000,731865
ICE.BRN,W,20150824,000000,45.3600000,50.9800000,42.2300000,49.4500000,1302041
ICE.BRN,W,20150831,000000,49.3800000,54.3200000,47.7400000,49.3500000,1337048
ICE.BRN,W,20150907,000000,49.3100000,50.0400000,46.7600000,49.1300000,570321
ICE.BRN,W,20150914,000000,49.2000000,50.3400000,47.0100000,47.5700000,786616
ICE.BRN,W,20150921,000000,47.5800000,50.2500000,47.4000000,48.3900000,713677
ICE.BRN,W,20150928,000000,48.3500000,49.8300000,46.9300000,47.8800000,809545
ICE.BRN,W,20151005,000000,47.8500000,54.0500000,47.8400000,52.8100000,673615
ICE.BRN,W,20151012,000000,52.8400000,53.6200000,48.7000000,50.6200000,720690
ICE.BRN,W,20151019,000000,50.6800000,50.6800000,47.4500000,47.9700000,690564
ICE.BRN,W,20151026,000000,47.9800000,50.0000000,46.4100000,49.3900000,712600
ICE.BRN,W,20151102,000000,49.3600000,50.9100000,47.2700000,47.4800000,695142
ICE.BRN,W,20151109,000000,47.4800000,48.4100000,44.1600000,44.6100000,744916
ICE.BRN,W,20151116,000000,44.5800000,45.5000000,43.1600000,44.4200000,784806
ICE.BRN,W,20151123,000000,44.4400000,46.5000000,43.5700000,44.8100000,697502
ICE.BRN,W,20151130,000000,44.8600000,45.7500000,42.4300000,42.9100000,901854
ICE.BRN,W,20151207,000000,42.8900000,43.0000000,37.7300000,38.2700000,872763
ICE.BRN,W,20151214,000000,38.2900000,39.6900000,36.4100000,36.4500000,970943
ICE.BRN,W,20151221,000000,36.4900000,38.1000000,35.9800000,37.7600000,482191
ICE.BRN,W,20151228,000000,37.6700000,37.9800000,36.1000000,38.3400000,377730
ICE.BRN,W,20160104,000000,38.3200000,38.9900000,32.1600000,32.9900000,888504
ICE.BRN,W,20160111,000000,32.9500000,33.7300000,28.8200000,28.1300000,1051764
ICE.BRN,W,20160118,000000,28.2400000,32.3000000,27.1000000,32.0800000,1049506
ICE.BRN,W,20160125,000000,32.6900000,36.1700000,29.2700000,35.9100000,961509
ICE.BRN,W,20160201,000000,35.9200000,36.2500000,32.2300000,33.8800000,1241171
ICE.BRN,W,20160208,000000,33.8500000,34.6800000,29.9200000,32.8500000,1157085
ICE.BRN,W,20160215,000000,32.8600000,35.7300000,31.8200000,32.9700000,1129082
ICE.BRN,W,20160222,000000,32.9900000,37.0000000,32.3700000,35.2300000,662588
ICE.BRN,W,20160229,000000,35.2500000,38.9500000,35.0800000,39.0100000,1148425
ICE.BRN,W,20160307,000000,39.0200000,41.4800000,38.8700000,40.3400000,1224709
ICE.BRN,W,20160314,000000,40.4200000,42.5400000,38.3300000,41.0600000,892908
ICE.BRN,W,20160321,000000,41.0800000,42.0800000,39.2200000,41.2000000,503957
ICE.BRN,W,20160328,000000,41.2000000,41.6200000,38.5500000,38.2800000,753105
ICE.BRN,W,20160404,000000,38.3000000,42.0100000,37.2700000,42.4400000,913507
ICE.BRN,W,20160411,000000,42.4300000,44.9400000,41.4100000,40.5800000,947678
ICE.BRN,W,20160418,000000,40.6800000,46.1800000,40.1000000,44.9800000,1061259
ICE.BRN,W,20160425,000000,44.9200000,48.2900000,44.2600000,47.0100000,792695
ICE.BRN,W,20160502,000000,47.0300000,47.3900000,44.1900000,46.2800000,913449
ICE.BRN,W,20160509,000000,46.3100000,48.1900000,43.3300000,47.9200000,981321
ICE.BRN,W,20160516,000000,47.9200000,49.8500000,47.3800000,48.6400000,859573
ICE.BRN,W,20160523,000000,48.6000000,50.5100000,47.5800000,50.0300000,582722
ICE.BRN,W,20160530,000000,50.0200000,50.8700000,48.6500000,49.8300000,680004
ICE.BRN,W,20160606,000000,49.8300000,52.8600000,49.7200000,50.2700000,795019
ICE.BRN,W,20160613,000000,50.2600000,50.7900000,46.9400000,49.4600000,870637
ICE.BRN,W,20160620,000000,49.4200000,51.2400000,47.5400000,48.7300000,921169
ICE.BRN,W,20160627,000000,48.7600000,51.4400000,47.3000000,50.5300000,730867
ICE.BRN,W,20160704,000000,50.5100000,50.7500000,46.1500000,46.6100000,873541
ICE.BRN,W,20160711,000000,46.5800000,48.5700000,45.9000000,47.6700000,797030
ICE.BRN,W,20160718,000000,47.6900000,47.9000000,45.1700000,45.6300000,701127
ICE.BRN,W,20160725,000000,45.6500000,45.8700000,42.5200000,43.2700000,698629
ICE.BRN,W,20160801,000000,43.2600000,44.4900000,41.5100000,44.3000000,870262
ICE.BRN,W,20160808,000000,44.3100000,47.2500000,43.4600000,47.1500000,842601
ICE.BRN,W,20160815,000000,47.1300000,51.2200000,46.8400000,50.4000000,857781
ICE.BRN,W,20160822,000000,50.3800000,50.9900000,48.4800000,49.6800000,709765
ICE.BRN,W,20160829,000000,49.6500000,49.8200000,49.6800000,49.7600000,273
ICE.BRN,W,20160926,000000,46.8700000,50.3900000,46.1700000,49.9000000,1038550
ICE.BRN,W,20161003,000000,49.8800000,52.8400000,49.7400000,51.5300000,908081
ICE.BRN,W,20161010,000000,51.5100000,53.7300000,50.9200000,51.7900000,839997
ICE.BRN,W,20161017,000000,51.7900000,53.1400000,51.1200000,51.5600000,704868
ICE.BRN,W,20161024,000000,51.6000000,52.0100000,50.2200000,50.3500000,708217
ICE.BRN,W,20161031,000000,50.3400000,50.7600000,45.0800000,45.9400000,1133386
ICE.BRN,W,20161107,000000,45.9500000,46.9500000,44.1900000,44.8600000,916171
ICE.BRN,W,20161114,000000,44.8800000,47.6200000,43.5700000,47.3600000,893010
ICE.BRN,W,20161121,000000,47.3500000,49.9600000,46.8500000,47.4200000,722382
ICE.BRN,W,20161128,000000,47.4100000,54.5300000,46.9100000,54.0900000,1454943
ICE.BRN,W,20161205,000000,54.0800000,57.8900000,52.8100000,56.8000000,810278
ICE.BRN,W,20161212,000000,56.7600000,57.2600000,53.1500000,55.3000000,823661
ICE.BRN,W,20161219,000000,55.2900000,55.9200000,54.0500000,55.0800000,486217
ICE.BRN,W,20161226,000000,55.9600000,57.8200000,55.7700000,56.7500000,359727
ICE.BRN,W,20170102,000000,56.8200000,58.3700000,55.3000000,56.9700000,672477
ICE.BRN,W,20170109,000000,56.9600000,57.0000000,53.5800000,55.5900000,877250
ICE.BRN,W,20170116,000000,55.6400000,56.9500000,53.7700000,55.6000000,750467
ICE.BRN,W,20170123,000000,55.6000000,56.7800000,54.6500000,55.4300000,634641
ICE.BRN,W,20170130,000000,55.4400000,57.4500000,54.9600000,56.9100000,833182
ICE.BRN,W,20170206,000000,56.9100000,57.1300000,54.4400000,56.7000000,764014
ICE.BRN,W,20170213,000000,56.7100000,56.7900000,55.1000000,55.7800000,646734
ICE.BRN,W,20170220,000000,55.7700000,57.3100000,55.6400000,56.3500000,446446
ICE.BRN,W,20170227,000000,56.3500000,57.0600000,55.0300000,55.9100000,853370
ICE.BRN,W,20170306,000000,55.8900000,56.6500000,50.8500000,50.9900000,1122828
ICE.BRN,W,20170313,000000,51.0000000,52.6500000,50.2500000,51.6800000,874070
ICE.BRN,W,20170320,000000,51.6800000,52.2200000,49.7100000,51.1200000,676996
ICE.BRN,W,20170327,000000,51.1000000,53.7700000,50.1300000,53.4800000,753174
ICE.BRN,W,20170403,000000,53.5000000,56.0800000,52.7300000,55.4200000,783056
ICE.BRN,W,20170410,000000,55.4400000,56.6500000,55.2300000,55.6700000,566244
ICE.BRN,W,20170417,000000,55.6500000,55.9800000,51.5700000,52.2000000,796656
ICE.BRN,W,20170424,000000,52.2200000,52.9500000,51.0100000,51.8500000,820265
ICE.BRN,W,20170501,000000,51.8500000,52.1600000,46.6400000,49.4500000,1124039
ICE.BRN,W,20170508,000000,49.4500000,51.1600000,48.3900000,50.7600000,892960
ICE.BRN,W,20170515,000000,50.7500000,54.0100000,50.7400000,54.0100000,901007
ICE.BRN,W,20170522,000000,54.0200000,54.6700000,51.0300000,52.6200000,932780
ICE.BRN,W,20170529,000000,52.6300000,52.9600000,48.9500000,49.9500000,883001
ICE.BRN,W,20170605,000000,49.9600000,50.7400000,47.4000000,48.3300000,967141
ICE.BRN,W,20170612,000000,48.3300000,49.1500000,46.7000000,47.2500000,815659
ICE.BRN,W,20170619,000000,47.2800000,47.7600000,44.3500000,45.9800000,750991
ICE.BRN,W,20170626,000000,45.9600000,49.0000000,45.2600000,48.9200000,690488
ICE.BRN,W,20170703,000000,48.9400000,49.9000000,46.2800000,46.8800000,877613
ICE.BRN,W,20170710,000000,46.9500000,49.1400000,46.1100000,49.0300000,801685
ICE.BRN,W,20170717,000000,49.0400000,50.1900000,47.8100000,48.0300000,743040
ICE.BRN,W,20170724,000000,48.0200000,52.5100000,47.6800000,52.4300000,675717
ICE.BRN,W,20170731,000000,52.4200000,52.9300000,50.8800000,52.4200000,879568
ICE.BRN,W,20170807,000000,52.4200000,53.6400000,51.3000000,52.0500000,801478
ICE.BRN,W,20170814,000000,52.0500000,52.9600000,50.0000000,52.8000000,839260
ICE.BRN,W,20170821,000000,52.8100000,52.8500000,51.3000000,52.3500000,689997
ICE.BRN,W,20170828,000000,52.3500000,52.9500000,50.4900000,52.4400000,840363
ICE.BRN,W,20170904,000000,52.4500000,54.8700000,51.9900000,53.9000000,752647
ICE.BRN,W,20170911,000000,53.9100000,55.9900000,53.0500000,55.5100000,673648
ICE.BRN,W,20170918,000000,55.4900000,56.9100000,54.8200000,56.8800000,604780
ICE.BRN,W,20170925,000000,56.8900000,59.2500000,56.4400000,56.7200000,856958
ICE.BRN,W,20171002,000000,56.7200000,57.2800000,55.1300000,55.6500000,908972
ICE.BRN,W,20171009,000000,55.6400000,57.9000000,55.0600000,57.7500000,773435
ICE.BRN,W,20171016,000000,57.7500000,58.5400000,56.6000000,57.9800000,847657
ICE.BRN,W,20171023,000000,57.9800000,60.5200000,57.0400000,60.3800000,695497
ICE.BRN,W,20171030,000000,60.3800000,62.4400000,59.9100000,62.3400000,835220
ICE.BRN,W,20171106,000000,62.3100000,64.6500000,62.1400000,63.7000000,906104
ICE.BRN,W,20171113,000000,63.6800000,63.7000000,61.0800000,62.5400000,811867
ICE.BRN,W,20171120,000000,62.5400000,63.9500000,61.4400000,63.4100000,541936
ICE.BRN,W,20171127,000000,63.4100000,64.3200000,61.9300000,63.5800000,890862
ICE.BRN,W,20171204,000000,63.5800000,63.6400000,61.1300000,63.1500000,746096
ICE.BRN,W,20171211,000000,63.1600000,65.8300000,62.0100000,63.3200000,854088
ICE.BRN,W,20171218,000000,63.3100000,65.2800000,63.0000000,65.2500000,434507
ICE.BRN,W,20171225,000000,64.7400000,66.9800000,64.4800000,66.8700000,393890
ICE.BRN,W,20180101,000000,66.5500000,68.2700000,66.2400000,67.7900000,488106
ICE.BRN,W,20180108,000000,67.7800000,70.0500000,67.4400000,69.7200000,735728
ICE.BRN,W,20180115,000000,69.7300000,70.3700000,68.2800000,68.7400000,697860
ICE.BRN,W,20180122,000000,68.7600000,71.2800000,68.3900000,70.1000000,630917
ICE.BRN,W,20180129,000000,70.0900000,70.2700000,67.8100000,68.1200000,790039
ICE.BRN,W,20180205,000000,68.1100000,68.4600000,61.7700000,62.8400000,1125012
ICE.BRN,W,20180212,000000,62.8300000,65.2200000,61.7600000,65.0600000,876139
ICE.BRN,W,20180219,000000,65.0300000,67.3700000,64.4000000,67.0200000,546054
ICE.BRN,W,20180226,000000,66.9900000,67.6700000,63.1900000,64.6700000,810417
ICE.BRN,W,20180305,000000,64.7400000,66.1600000,63.4300000,65.6400000,692651
ICE.BRN,W,20180312,000000,65.6500000,66.4200000,64.0500000,66.0000000,612846
ICE.BRN,W,20180319,000000,66.0000000,70.5700000,65.3900000,69.8500000,743704
ICE.BRN,W,20180326,000000,69.8600000,70.4000000,67.9700000,69.5100000,521886
ICE.BRN,W,20180402,000000,69.5100000,70.0400000,66.6900000,67.2300000,730422
ICE.BRN,W,20180409,000000,67.2100000,73.0900000,67.1200000,72.2700000,957500
ICE.BRN,W,20180416,000000,72.2800000,74.7500000,70.8300000,74.0000000,852889
ICE.BRN,W,20180423,000000,74.0000000,75.4700000,73.1300000,73.7100000,690419
ICE.BRN,W,20180430,000000,73.7100000,75.6100000,72.3800000,75.0000000,982861
ICE.BRN,W,20180507,000000,75.0000000,78.0000000,73.1000000,77.0600000,949222
ICE.BRN,W,20180514,000000,77.0700000,80.5000000,76.5500000,78.9000000,885092
ICE.BRN,W,20180521,000000,78.8900000,80.4900000,75.7100000,76.0500000,791922
ICE.BRN,W,20180528,000000,76.0400000,79.1800000,74.5300000,76.5500000,830795
ICE.BRN,W,20180604,000000,76.4800000,77.6100000,73.8100000,76.3200000,868841
ICE.BRN,W,20180611,000000,76.3000000,77.0700000,73.0000000,73.0400000,739814
ICE.BRN,W,20180618,000000,73.0400000,75.8600000,72.4500000,74.1700000,924690
ICE.BRN,W,20180625,000000,74.2200000,79.5600000,73.7400000,78.6900000,888635
ICE.BRN,W,20180702,000000,78.6700000,78.9500000,76.3600000,77.2200000,710601
ICE.BRN,W,20180709,000000,77.1900000,79.5100000,72.6700000,75.1300000,996619
ICE.BRN,W,20180716,000000,75.1300000,75.3700000,71.1900000,73.1500000,839577
ICE.BRN,W,20180723,000000,73.1900000,75.3900000,72.5200000,74.8300000,570125
ICE.BRN,W,20180730,000000,74.8200000,75.7900000,71.8400000,73.2000000,732902
ICE.BRN,W,20180806,000000,73.2000000,74.9000000,71.4000000,73.0000000,702935
ICE.BRN,W,20180813,000000,73.0000000,73.9300000,70.3000000,71.7500000,697469
ICE.BRN,W,20180820,000000,71.7000000,76.4200000,71.4200000,75.9900000,656211
ICE.BRN,W,20180827,000000,75.9900000,78.3200000,75.7100000,77.7800000,512977
ICE.BRN,W,20180903,000000,77.7800000,79.7200000,75.6400000,77.2500000,735536
ICE.BRN,W,20180910,000000,77.2400000,80.1300000,76.9000000,77.9900000,847909
ICE.BRN,W,20180917,000000,77.9600000,80.1200000,77.4600000,79.7100000,768955
ICE.BRN,W,20180924,000000,79.7100000,83.4100000,79.6700000,82.9800000,788813
ICE.BRN,W,20181001,000000,82.9700000,86.7400000,82.5500000,83.4700000,1013410
ICE.BRN,W,20181008,000000,83.4900000,85.4500000,79.2300000,81.6700000,1098530
ICE.BRN,W,20181015,000000,81.6700000,81.8700000,78.6900000,79.6700000,922147
ICE.BRN,W,20181022,000000,79.6700000,80.4100000,75.1100000,77.7400000,846443
ICE.BRN,W,20181029,000000,77.7600000,78.0000000,72.1600000,72.6900000,964800
ICE.BRN,W,20181105,000000,72.6700000,74.1300000,69.1300000,71.0100000,939673
ICE.BRN,W,20181112,000000,71.0100000,71.8800000,64.6100000,67.3200000,1142661
ICE.BRN,W,20181119,000000,67.3100000,67.6400000,58.4100000,59.3900000,902612
ICE.BRN,W,20181126,000000,59.3900000,61.5100000,57.7800000,60.7900000,911970
ICE.BRN,W,20181203,000000,60.8400000,63.7300000,58.3600000,61.8000000,1203132
ICE.BRN,W,20181210,000000,61.7800000,62.3300000,59.3300000,60.3000000,772335
ICE.BRN,W,20181217,000000,60.3100000,61.2100000,52.7900000,53.6400000,924515
ICE.BRN,W,20181224,000000,53.6500000,55.5900000,50.2200000,53.3400000,479856
ICE.BRN,W,20181231,000000,53.3400000,58.3100000,52.5100000,57.7800000,636566
ICE.BRN,W,20190107,000000,57.7900000,62.4900000,57.1300000,60.7400000,939940
ICE.BRN,W,20190114,000000,60.7700000,63.0000000,58.9000000,62.3100000,839378
ICE.BRN,W,20190121,000000,62.2900000,63.1500000,60.2100000,61.1600000,683926
ICE.BRN,W,20190128,000000,61.1600000,62.9700000,59.4000000,62.7500000,808202
