<TICKER>,<PER>,<DATE>,<TIME>,<OPEN>,<HIGH>,<LOW>,<CLOSE>,<VOL>
NYMEX.CL,W,20150105,000000,51.6500000,52.1400000,46.8300000,47.5700000,1413043
NYMEX.CL,W,20150112,000000,47.5600000,51.2700000,44.2000000,48.8000000,1492418
NYMEX.CL,W,20150119,000000,48.7900000,49.1500000,44.3500000,44.9900000,1222075
NYMEX.CL,W,20150126,000000,44.9900000,48.3500000,43.5800000,46.8800000,1334168
NYMEX.CL,W,20150202,000000,46.8900000,55.0500000,46.8300000,52.8000000,578584
NYMEX.CL,W,20150209,000000,52.8300000,54.7100000,48.9300000,53.4700000,336555
NYMEX.CL,W,20150216,000000,53.5700000,54.9200000,49.8200000,50.7600000,930601
NYMEX.CL,W,20150223,000000,50.7400000,52.0000000,47.8000000,51.7700000,1509725
NYMEX.CL,W,20150302,000000,51.7700000,54.0000000,50.8000000,51.2000000,148973
NYMEX.CL,W,20150309,000000,51.2100000,52.4400000,45.8700000,46.7600000,275280
NYMEX.CL,W,20150316,000000,46.7500000,47.4800000,44.0300000,46.0200000,1030029
NYMEX.CL,W,20150323,000000,46.0100000,52.4800000,45.3300000,48.1000000,1513317
NYMEX.CL,W,20150330,000000,48.1000000,52.0300000,47.1200000,51.4700000,638444
NYMEX.CL,W,20150406,000000,51.4400000,55.3700000,50.0900000,53.6500000,223818
NYMEX.CL,W,20150413,000000,53.6300000,58.8200000,53.3100000,58.0200000,511079
NYMEX.CL,W,20150420,000000,58.0100000,58.6300000,55.7300000,56.9400000,1298677
NYMEX.CL,W,20150427,000000,56.9300000,59.9000000,56.0700000,59.1100000,1104412
NYMEX.CL,W,20150504,000000,59.1100000,62.7100000,58.1400000,60.1100000,1025600
NYMEX.CL,W,20150511,000000,60.1100000,62.7500000,58.7500000,60.7300000,692733
NYMEX.CL,W,20150518,000000,60.7300000,61.7100000,57.9300000,59.7900000,1126619
NYMEX.CL,W,20150525,000000,59.7800000,60.7000000,56.5100000,59.8500000,1118841
NYMEX.CL,W,20150601,000000,59.8500000,61.8300000,57.2100000,59.0700000,324440
NYMEX.CL,W,20150608,000000,59.0700000,62.2200000,58.3200000,60.2000000,135838
NYMEX.CL,W,20150615,000000,60.1900000,61.8100000,59.1900000,59.9100000,508783
NYMEX.CL,W,20150622,000000,59.9200000,61.5700000,58.6300000,58.7700000,1128892
NYMEX.CL,W,20150629,000000,58.7600000,59.6900000,54.8200000,55.1500000,762960
NYMEX.CL,W,20150706,000000,55.1800000,55.5200000,50.9500000,52.3300000,223448
NYMEX.CL,W,20150713,000000,52.3400000,53.9400000,50.5000000,50.9700000,367792
NYMEX.CL,W,20150720,000000,50.9700000,51.5800000,47.7200000,47.8500000,1123498
NYMEX.CL,W,20150727,000000,47.8700000,49.5200000,46.3500000,46.8400000,1248962
NYMEX.CL,W,20150803,000000,46.8300000,46.8400000,43.3500000,44.1100000,1219313
NYMEX.CL,W,20150810,000000,44.1300000,46.0100000,42.1600000,42.6000000,488230
NYMEX.CL,W,20150817,000000,42.6100000,43.3800000,39.0000000,39.3300000,1130249
NYMEX.CL,W,20150824,000000,39.3300000,45.9000000,37.7600000,44.6400000,1841565
NYMEX.CL,W,20150831,000000,44.6500000,49.3300000,43.2100000,45.7000000,2377555
NYMEX.CL,W,20150907,000000,45.7000000,46.5800000,43.3600000,45.1100000,730908
NYMEX.CL,W,20150914,000000,45.1600000,48.0700000,44.0900000,45.3800000,498339
NYMEX.CL,W,20150921,000000,45.3800000,47.1500000,43.7100000,45.3000000,1404246
NYMEX.CL,W,20150928,000000,45.2900000,47.1000000,43.9700000,45.8300000,1358234
NYMEX.CL,W,20151005,000000,45.8300000,50.9200000,45.6500000,50.4600000,1609270
NYMEX.CL,W,20151012,000000,50.4900000,50.6200000,45.7900000,47.5000000,550745
NYMEX.CL,W,20151019,000000,47.5000000,47.6100000,44.2000000,44.7600000,1317250
NYMEX.CL,W,20151026,000000,44.7600000,47.0300000,42.5800000,46.4400000,1533884
NYMEX.CL,W,20151102,000000,46.4500000,48.3600000,43.8300000,44.7900000,1458168
NYMEX.CL,W,20151109,000000,44.7900000,45.3900000,41.5500000,42.2000000,757172
NYMEX.CL,W,20151116,000000,42.2100000,43.2400000,40.7700000,40.7800000,1131954
NYMEX.CL,W,20151123,000000,40.7800000,43.4600000,40.4100000,41.8200000,1323997
NYMEX.CL,W,20151130,000000,41.8200000,42.6100000,39.3800000,39.6200000,1726441
NYMEX.CL,W,20151207,000000,39.5900000,39.7600000,36.6400000,37.1100000,1317233
NYMEX.CL,W,20151214,000000,37.0700000,39.1300000,35.5600000,35.7900000,834464
NYMEX.CL,W,20151221,000000,35.8200000,38.2800000,35.3500000,37.7400000,917723
NYMEX.CL,W,20151228,000000,37.7400000,38.3200000,36.2200000,37.7900000,819669
NYMEX.CL,W,20160104,000000,37.7800000,38.3900000,32.1000000,32.5200000,1865799
NYMEX.CL,W,20160111,000000,32.5200000,34.3100000,29.3500000,30.0300000,657224
NYMEX.CL,W,20160118,000000,30.0300000,32.3500000,27.5600000,32.2500000,2041564
NYMEX.CL,W,20160125,000000,32.5500000,34.8200000,29.2500000,33.1100000,2740273
NYMEX.CL,W,20160201,000000,33.1200000,33.6000000,29.4000000,31.1700000,2378594
NYMEX.CL,W,20160208,000000,31.1800000,31.3800000,26.0500000,29.3800000,2037015
NYMEX.CL,W,20160215,000000,29.3700000,34.2100000,28.7000000,32.3700000,1525621
NYMEX.CL,W,20160222,000000,32.3600000,34.6900000,30.5600000,32.7400000,2178482
NYMEX.CL,W,20160229,000000,32.7500000,36.7200000,32.3200000,36.5700000,2173873
NYMEX.CL,W,20160307,000000,36.5700000,39.0200000,36.0900000,38.4000000,2291529
NYMEX.CL,W,20160314,000000,38.4100000,42.4900000,35.9600000,40.6700000,1662160
NYMEX.CL,W,20160321,000000,40.6600000,41.9000000,38.3300000,39.8100000,1533883
NYMEX.CL,W,20160328,000000,39.8000000,40.1400000,36.1800000,36.3500000,2022758
NYMEX.CL,W,20160404,000000,36.3400000,40.4200000,35.2400000,39.8400000,2261004
NYMEX.CL,W,20160411,000000,39.8400000,42.4200000,39.0000000,39.7400000,2272375
NYMEX.CL,W,20160418,000000,39.7500000,44.4900000,39.3500000,43.0500000,2715439
NYMEX.CL,W,20160425,000000,43.0500000,46.7800000,42.5000000,45.4700000,2403690
NYMEX.CL,W,20160502,000000,45.4600000,46.1500000,43.2200000,45.4900000,2587332
NYMEX.CL,W,20160509,000000,45.4900000,47.7100000,43.0300000,47.5000000,2579536
NYMEX.CL,W,20160516,000000,47.4900000,49.5600000,47.2600000,48.1400000,1827284
NYMEX.CL,W,20160523,000000,48.1400000,50.2100000,47.4000000,49.1900000,1958900
NYMEX.CL,W,20160530,000000,49.1800000,50.1000000,47.7500000,49.1000000,1764718
NYMEX.CL,W,20160606,000000,49.1000000,51.6700000,48.2100000,48.4300000,1914644
NYMEX.CL,W,20160613,000000,48.4400000,49.2800000,45.9100000,49.1000000,1652519
NYMEX.CL,W,20160620,000000,49.1100000,50.5400000,46.7000000,47.3800000,2069865
NYMEX.CL,W,20160627,000000,47.3800000,50.0000000,45.8300000,48.9600000,1966688
NYMEX.CL,W,20160704,000000,48.9600000,49.3500000,44.7700000,45.1000000,1963642
NYMEX.CL,W,20160711,000000,45.1000000,46.9300000,44.4200000,45.9600000,2032776
NYMEX.CL,W,20160718,000000,45.9600000,46.5900000,43.7400000,44.2300000,1778831
NYMEX.CL,W,20160725,000000,44.2300000,44.3100000,40.5700000,41.7600000,1894278
NYMEX.CL,W,20160801,000000,41.7600000,42.1000000,39.1900000,42.0100000,2130901
NYMEX.CL,W,20160808,000000,42.0100000,45.6200000,41.1000000,45.5200000,2115743
NYMEX.CL,W,20160815,000000,45.5200000,49.3600000,45.0600000,48.4300000,1224577
NYMEX.CL,W,20160822,000000,48.4300000,48.5200000,46.4200000,46.9600000,2290981
NYMEX.CL,W,20160829,000000,46.9700000,47.4900000,43.0000000,44.2000000,2060960
NYMEX.CL,W,20160905,000000,44.2000000,47.7500000,43.8400000,45.1800000,2260925
NYMEX.CL,W,20160912,000000,45.1900000,46.5100000,43.3500000,44.3800000,1915984
NYMEX.CL,W,20160919,000000,44.3800000,46.5500000,43.0600000,44.7600000,2331559
NYMEX.CL,W,20160926,000000,44.7600000,48.3200000,44.1900000,47.9000000,2815396
NYMEX.CL,W,20161003,000000,47.9100000,50.7400000,47.8600000,49.3700000,2024004
NYMEX.CL,W,20161010,000000,49.3700000,51.6000000,49.2500000,50.6600000,1976498
NYMEX.CL,W,20161017,000000,50.6600000,52.2200000,49.9000000,50.5500000,1633537
NYMEX.CL,W,20161024,000000,50.5500000,50.9800000,48.1700000,48.5100000,2340956
NYMEX.CL,W,20161031,000000,48.5200000,48.7400000,43.5700000,44.7900000,2720078
NYMEX.CL,W,20161107,000000,44.7900000,45.9500000,43.0300000,43.3300000,2295920
NYMEX.CL,W,20161114,000000,43.3300000,47.1200000,42.2000000,46.9600000,1679640
NYMEX.CL,W,20161121,000000,46.9600000,49.2000000,45.1400000,46.0000000,2021278
NYMEX.CL,W,20161128,000000,46.0000000,51.8000000,44.8200000,51.2700000,3520871
NYMEX.CL,W,20161205,000000,51.2800000,54.5100000,49.6100000,54.0300000,2350205
NYMEX.CL,W,20161212,000000,54.0300000,54.4900000,50.7800000,53.4100000,1861941
NYMEX.CL,W,20161219,000000,53.4100000,53.7900000,52.0800000,53.2500000,1539791
NYMEX.CL,W,20161226,000000,53.2900000,54.3700000,53.0300000,53.8900000,989006
NYMEX.CL,W,20170102,000000,54.2000000,55.2400000,52.1100000,53.6800000,1853579
NYMEX.CL,W,20170109,000000,53.6800000,53.7800000,50.7100000,53.2600000,2128222
NYMEX.CL,W,20170116,000000,53.2600000,54.3200000,51.7200000,53.2000000,1478514
NYMEX.CL,W,20170123,000000,53.2000000,54.0800000,52.2100000,52.9100000,1985483
NYMEX.CL,W,20170130,000000,52.9100000,54.3400000,52.2400000,54.0200000,1970312
NYMEX.CL,W,20170206,000000,54.0100000,54.1300000,51.2200000,53.7900000,1935393
NYMEX.CL,W,20170213,000000,53.8000000,54.0600000,52.7700000,53.9200000,1221683
NYMEX.CL,W,20170220,000000,53.9200000,55.0300000,53.3500000,54.3100000,1577009
NYMEX.CL,W,20170227,000000,54.3200000,54.6100000,52.5400000,53.1300000,2025209
NYMEX.CL,W,20170306,000000,53.1400000,53.8000000,47.9000000,48.0800000,2914996
NYMEX.CL,W,20170313,000000,48.0800000,50.1400000,47.0900000,48.9200000,1599772
NYMEX.CL,W,20170320,000000,48.9200000,49.4800000,47.0100000,47.8300000,2115653
NYMEX.CL,W,20170327,000000,47.8300000,50.8500000,47.0800000,50.5100000,2110536
NYMEX.CL,W,20170403,000000,50.5200000,52.9400000,49.8800000,52.3900000,2128441
NYMEX.CL,W,20170410,000000,52.3900000,53.7600000,52.3600000,53.1500000,1496964
NYMEX.CL,W,20170417,000000,53.1400000,53.6300000,49.2000000,49.8500000,2147259
NYMEX.CL,W,20170424,000000,49.8500000,50.2200000,48.2000000,49.2300000,2478200
NYMEX.CL,W,20170501,000000,49.2200000,49.2800000,43.7600000,46.7900000,3064638
NYMEX.CL,W,20170508,000000,46.7900000,49.0100000,45.5300000,48.9500000,2594301
NYMEX.CL,W,20170515,000000,48.9400000,51.2600000,48.3700000,51.0700000,1404693
NYMEX.CL,W,20170522,000000,51.0800000,52.0000000,48.1800000,49.6600000,3099683
NYMEX.CL,W,20170529,000000,49.6500000,50.2800000,46.7400000,48.2600000,2602510
NYMEX.CL,W,20170605,000000,48.2600000,48.4000000,45.2000000,46.1000000,3262930
NYMEX.CL,W,20170612,000000,46.1100000,46.7100000,44.4500000,44.8000000,2213713
NYMEX.CL,W,20170619,000000,44.8100000,45.2800000,42.0500000,43.5400000,3059817
NYMEX.CL,W,20170626,000000,43.5400000,46.3800000,42.6300000,46.1800000,3035814
NYMEX.CL,W,20170703,000000,46.1800000,47.3200000,43.7800000,44.6000000,3161053
NYMEX.CL,W,20170710,000000,44.6000000,46.9400000,43.6500000,46.9000000,3259344
NYMEX.CL,W,20170717,000000,46.9000000,47.7400000,45.5400000,45.8200000,2712596
NYMEX.CL,W,20170724,000000,45.8200000,50.0600000,45.4000000,49.8600000,3403766
NYMEX.CL,W,20170731,000000,49.8600000,50.4300000,48.3700000,49.3800000,3630721
NYMEX.CL,W,20170807,000000,49.3800000,50.2200000,47.9800000,48.7900000,3482823
NYMEX.CL,W,20170814,000000,48.7900000,49.1600000,46.6200000,48.6400000,1767684
NYMEX.CL,W,20170821,000000,48.6400000,48.8800000,47.0600000,47.7000000,3111129
NYMEX.CL,W,20170828,000000,47.7000000,47.7100000,45.6900000,47.4300000,3101813
NYMEX.CL,W,20170904,000000,47.4400000,49.4200000,47.1500000,47.8700000,2563130
NYMEX.CL,W,20170911,000000,47.8600000,50.6100000,47.0000000,50.4600000,2168015
NYMEX.CL,W,20170918,000000,50.4600000,51.1100000,49.6800000,50.5200000,2511750
NYMEX.CL,W,20170925,000000,50.5200000,52.8600000,50.3900000,51.5000000,2893955
NYMEX.CL,W,20171002,000000,51.5000000,51.6300000,49.1000000,49.4600000,2555641
NYMEX.CL,W,20171009,000000,49.4700000,52.2700000,49.1300000,52.1200000,2477664
NYMEX.CL,W,20171016,000000,52.1100000,52.6500000,50.8700000,52.1000000,2019779
NYMEX.CL,W,20171023,000000,52.1000000,54.2000000,51.5500000,53.9100000,2582087
NYMEX.CL,W,20171030,000000,53.9100000,56.0000000,53.7500000,55.8300000,2354327
NYMEX.CL,W,20171106,000000,55.8300000,57.9200000,55.6600000,56.8200000,2728071
NYMEX.CL,W,20171113,000000,56.8100000,57.1500000,55.0000000,56.7600000,1975338
NYMEX.CL,W,20171120,000000,56.7600000,59.0500000,55.7500000,58.7100000,2038116
NYMEX.CL,W,20171127,000000,58.7000000,58.8800000,56.7500000,57.9600000,2817005
NYMEX.CL,W,20171204,000000,57.9700000,58.0200000,55.8200000,57.1400000,2247959
NYMEX.CL,W,20171211,000000,57.1500000,58.5600000,56.0900000,57.6100000,2149819
NYMEX.CL,W,20171218,000000,57.6200000,58.5000000,56.8800000,58.3500000,1675895
NYMEX.CL,W,20171225,000000,58.4000000,60.5100000,58.3200000,60.1000000,1425681
NYMEX.CL,W,20180101,000000,60.2000000,62.2100000,60.1000000,61.5400000,1787645
NYMEX.CL,W,20180108,000000,61.5500000,64.7700000,61.3400000,64.4500000,2551289
NYMEX.CL,W,20180115,000000,64.4500000,64.8300000,62.7800000,63.4300000,1376424
NYMEX.CL,W,20180122,000000,63.4200000,66.6600000,63.0500000,66.3200000,2718831
NYMEX.CL,W,20180129,000000,66.3200000,66.4000000,63.6700000,64.9000000,2617218
NYMEX.CL,W,20180205,000000,64.9000000,65.4000000,58.0700000,59.8000000,3340281
NYMEX.CL,W,20180212,000000,59.8100000,62.3900000,58.2000000,62.2900000,2104847
NYMEX.CL,W,20180219,000000,62.2800000,63.9000000,60.7500000,63.8100000,1821944
NYMEX.CL,W,20180226,000000,63.8100000,64.2400000,60.1300000,61.5000000,2725433
NYMEX.CL,W,20180305,000000,61.5000000,63.2800000,59.9500000,62.0900000,2548485
NYMEX.CL,W,20180312,000000,62.0900000,62.6000000,60.1100000,62.0600000,1907051
NYMEX.CL,W,20180319,000000,62.0600000,66.5500000,61.4500000,65.6200000,2838689
NYMEX.CL,W,20180326,000000,65.6200000,66.4100000,63.7200000,65.1500000,1953605
NYMEX.CL,W,20180402,000000,65.1500000,65.4200000,61.8300000,62.3400000,2610065
NYMEX.CL,W,20180409,000000,62.3400000,67.7600000,62.0900000,66.7800000,2917689
NYMEX.CL,W,20180416,000000,66.7900000,69.5500000,65.5900000,68.3800000,2223853
NYMEX.CL,W,20180423,000000,68.3800000,69.3800000,67.1100000,67.8200000,2706890
NYMEX.CL,W,20180430,000000,67.8200000,70.6900000,66.8500000,70.3800000,3061039
NYMEX.CL,W,20180507,000000,70.3800000,71.8900000,67.6300000,70.4600000,3238946
NYMEX.CL,W,20180514,000000,70.4500000,72.3600000,70.2600000,71.8900000,1399132
NYMEX.CL,W,20180521,000000,71.9000000,72.9000000,65.8000000,66.2100000,3073279
NYMEX.CL,W,20180528,000000,66.2100000,68.6700000,65.5100000,65.6900000,2760027
NYMEX.CL,W,20180604,000000,65.6900000,66.2400000,64.2200000,65.5500000,2625173
NYMEX.CL,W,20180611,000000,65.5500000,67.1600000,63.4000000,63.6500000,1880395
NYMEX.CL,W,20180618,000000,63.6500000,69.3800000,63.6200000,68.4200000,2967232
NYMEX.CL,W,20180625,000000,68.4200000,74.4600000,67.7200000,73.2600000,3006453
NYMEX.CL,W,20180702,000000,73.2700000,75.2700000,72.1400000,74.0700000,2359210
NYMEX.CL,W,20180709,000000,74.0600000,74.7000000,69.2300000,69.4900000,2514004
NYMEX.CL,W,20180716,000000,69.5000000,69.6400000,66.2900000,68.1400000,1783801
NYMEX.CL,W,20180723,000000,68.1300000,69.9200000,67.5600000,68.8900000,2270547
NYMEX.CL,W,20180730,000000,68.8900000,70.4300000,66.9200000,68.7800000,2217264
NYMEX.CL,W,20180806,000000,68.7800000,69.9200000,66.1400000,67.5100000,2149497
NYMEX.CL,W,20180813,000000,67.5100000,68.3700000,63.8900000,64.9400000,1381365
NYMEX.CL,W,20180820,000000,64.9500000,69.3100000,64.8500000,68.6800000,2050717
NYMEX.CL,W,20180827,000000,68.6800000,70.5000000,68.2100000,69.6100000,1824718
NYMEX.CL,W,20180903,000000,69.6200000,71.4000000,66.8600000,68.1700000,2117245
NYMEX.CL,W,20180910,000000,68.1700000,71.2600000,67.3300000,68.6700000,2475703
NYMEX.CL,W,20180917,000000,68.6700000,71.8000000,68.2900000,71.6000000,2172174
NYMEX.CL,W,20180924,000000,71.6000000,73.7300000,71.4700000,73.5300000,2222407
NYMEX.CL,W,20181001,000000,73.5300000,76.9000000,72.9500000,73.7800000,2656588
NYMEX.CL,W,20181008,000000,73.7800000,75.2800000,70.5100000,71.9700000,2582340
NYMEX.CL,W,20181015,000000,71.9600000,72.2900000,68.5300000,69.5100000,1291087
NYMEX.CL,W,20181022,000000,69.5100000,69.8400000,65.7400000,67.6400000,2813780
NYMEX.CL,W,20181029,000000,67.6300000,67.6700000,62.5200000,62.7700000,2883112
NYMEX.CL,W,20181105,000000,62.7700000,64.1400000,59.2600000,60.8400000,3104267
NYMEX.CL,W,20181112,000000,60.8400000,61.2800000,54.7500000,57.2500000,3223642
NYMEX.CL,W,20181119,000000,57.2500000,57.5800000,50.1000000,51.0900000,3071489
NYMEX.CL,W,20181126,000000,51.0900000,53.8500000,49.4100000,53.6500000,3539405
NYMEX.CL,W,20181203,000000,53.6400000,54.5500000,50.0800000,52.5100000,3484996
NYMEX.CL,W,20181210,000000,52.5100000,53.2700000,50.3500000,51.5300000,2658114
NYMEX.CL,W,20181217,000000,51.5300000,52.1500000,45.1300000,45.9200000,3301096
NYMEX.CL,W,20181224,000000,45.9200000,47.0000000,42.3600000,45.7500000,2110296
NYMEX.CL,W,20181231,000000,45.7400000,49.2200000,44.3500000,48.7200000,2626514
NYMEX.CL,W,20190107,000000,48.7200000,53.3100000,48.3100000,50.9800000,3434626
NYMEX.CL,W,20190114,000000,50.9700000,54.4100000,50.3800000,54.1700000,1750399
NYMEX.CL,W,20190121,000000,54.1600000,54.5100000,51.8600000,53.0900000,2608508
NYMEX.CL,W,20190128,000000,53.0900000,55.6600000,51.3300000,55.1400000,2952260
