<TICKER>,<PER>,<DATE>,<TIME>,<OPEN>,<HIGH>,<LOW>,<CLOSE>,<VOL>
NYMEX.XRB,W,20150105,000000,1.4164000,1.4314000,1.2936000,1.3146000,131629
NYMEX.XRB,W,20150112,000000,1.3173000,1.4149000,1.2265000,1.3580000,129066
NYMEX.XRB,W,20150119,000000,1.3649000,1.3674000,1.2988000,1.3333000,37735
NYMEX.XRB,W,20150126,000000,1.3335000,1.4739000,1.2990000,1.4550000,17313
NYMEX.XRB,W,20150202,000000,1.4558000,1.6260000,1.4514000,1.5697000,160233
NYMEX.XRB,W,20150209,000000,1.5739000,1.6534000,1.5142000,1.6322000,111164
NYMEX.XRB,W,20150216,000000,1.6362000,1.6812000,1.5108000,1.6640000,46137
NYMEX.XRB,W,20150223,000000,1.6626000,1.9779000,1.5960000,1.9699000,16796
NYMEX.XRB,W,20150302,000000,1.9703000,1.9725000,1.8508000,1.8732000,147243
NYMEX.XRB,W,20150309,000000,1.8735000,1.9028000,1.7337000,1.7555000,123689
NYMEX.XRB,W,20150316,000000,1.7537000,1.8207000,1.6925000,1.7841000,76456
NYMEX.XRB,W,20150323,000000,1.7830000,1.9024000,1.7646000,1.7982000,27384
NYMEX.XRB,W,20150330,000000,1.7895000,1.8429000,1.7345000,1.7849000,73756
NYMEX.XRB,W,20150406,000000,1.7849000,1.8636000,1.7375000,1.8096000,151509
NYMEX.XRB,W,20150413,000000,1.8090000,1.9548000,1.7946000,1.9504000,125908
NYMEX.XRB,W,20150420,000000,1.9496000,2.0116000,1.8700000,2.0100000,40756
NYMEX.XRB,W,20150427,000000,2.0070000,2.0556000,1.9825000,2.0413000,39178
NYMEX.XRB,W,20150504,000000,2.0432000,2.0950000,1.9621000,1.9914000,137329
NYMEX.XRB,W,20150511,000000,1.9909000,2.0660000,1.9673000,2.0600000,107279
NYMEX.XRB,W,20150518,000000,2.0600000,2.0871000,1.9934000,2.0652000,53550
NYMEX.XRB,W,20150525,000000,2.0640000,2.0969000,1.9363000,2.0519000,20578
NYMEX.XRB,W,20150601,000000,2.0531000,2.0737000,1.9530000,2.0193000,160701
NYMEX.XRB,W,20150608,000000,2.0214000,2.1599000,1.9995000,2.1114000,146059
NYMEX.XRB,W,20150615,000000,2.1124000,2.1857000,2.0381000,2.0619000,111325
NYMEX.XRB,W,20150622,000000,2.0604000,2.1089000,2.0035000,2.0266000,34235
NYMEX.XRB,W,20150629,000000,2.0285000,2.0968000,1.9824000,1.9896000,71184
NYMEX.XRB,W,20150706,000000,1.9897000,2.0590000,1.9074000,1.9948000,175492
NYMEX.XRB,W,20150713,000000,1.9930000,2.0079000,1.8527000,1.9343000,117932
NYMEX.XRB,W,20150720,000000,1.9379000,1.9385000,1.8148000,1.8232000,42809
NYMEX.XRB,W,20150727,000000,1.8235000,1.8680000,1.7560000,1.7646000,18728
NYMEX.XRB,W,20150803,000000,1.7653000,1.7653000,1.6048000,1.6315000,136556
NYMEX.XRB,W,20150810,000000,1.6329000,1.7725000,1.6319000,1.6795000,145041
NYMEX.XRB,W,20150817,000000,1.6800000,1.6959000,1.4749000,1.5390000,72870
NYMEX.XRB,W,20150824,000000,1.5351000,1.5442000,1.3500000,1.5148000,26071
NYMEX.XRB,W,20150831,000000,1.4966000,1.6460000,1.3674000,1.4135000,110493
NYMEX.XRB,W,20150907,000000,1.4146000,1.4213000,1.3425000,1.3662000,92381
NYMEX.XRB,W,20150914,000000,1.3681000,1.4079000,1.3000000,1.3695000,89347
NYMEX.XRB,W,20150921,000000,1.3695000,1.4531000,1.3516000,1.3875000,29509
NYMEX.XRB,W,20150928,000000,1.3885000,1.4233000,1.3083000,1.3453000,82032
NYMEX.XRB,W,20151005,000000,1.3444000,1.4488000,1.3444000,1.4290000,119861
NYMEX.XRB,W,20151012,000000,1.4283000,1.4329000,1.2726000,1.3287000,86712
NYMEX.XRB,W,20151019,000000,1.3281000,1.3281000,1.2484000,1.3108000,39491
NYMEX.XRB,W,20151026,000000,1.3081000,1.4136000,1.2711000,1.3707000,13783
NYMEX.XRB,W,20151102,000000,1.3715000,1.4714000,1.3414000,1.3801000,147120
NYMEX.XRB,W,20151109,000000,1.3774000,1.4048000,1.2324000,1.2501000,117990
NYMEX.XRB,W,20151116,000000,1.2498000,1.3240000,1.2024000,1.2837000,64310
NYMEX.XRB,W,20151123,000000,1.2762000,1.4101000,1.2656000,1.3877000,20379
NYMEX.XRB,W,20151130,000000,1.3838000,1.4166000,1.2585000,1.2683000,151519
NYMEX.XRB,W,20151207,000000,1.2692000,1.3012000,1.1956000,1.2806000,141715
NYMEX.XRB,W,20151214,000000,1.2807000,1.3089000,1.2190000,1.2550000,107812
NYMEX.XRB,W,20151221,000000,1.2582000,1.2880000,1.1690000,1.2537000,31656
NYMEX.XRB,W,20151228,000000,1.2535000,1.2953000,1.2199000,1.2841000,8955
NYMEX.XRB,W,20160104,000000,1.2810000,1.3379000,1.1098000,1.1120000,168770
NYMEX.XRB,W,20160111,000000,1.1127000,1.1618000,1.0005000,1.0180000,129608
NYMEX.XRB,W,20160118,000000,1.0106000,1.0970000,1.0012000,1.0970000,48938
NYMEX.XRB,W,20160125,000000,1.0997000,1.1311000,0.9924000,1.1086000,18929
NYMEX.XRB,W,20160201,000000,1.1098000,1.1250000,0.9670000,0.9986000,168366
NYMEX.XRB,W,20160208,000000,0.9991000,1.0470000,0.8975000,1.0466000,141569
NYMEX.XRB,W,20160215,000000,1.0473000,1.0844000,0.9360000,0.9709000,71480
NYMEX.XRB,W,20160222,000000,0.9692000,1.0774000,0.9463000,1.0252000,28225
NYMEX.XRB,W,20160229,000000,1.0064000,1.3500000,1.0023000,1.3488000,107762
NYMEX.XRB,W,20160307,000000,1.3486000,1.4806000,1.3308000,1.4507000,125929
NYMEX.XRB,W,20160314,000000,1.4514000,1.4600000,1.3839000,1.4240000,81268
NYMEX.XRB,W,20160321,000000,1.4207000,1.5134000,1.4112000,1.4800000,29612
NYMEX.XRB,W,20160328,000000,1.4800000,1.4858000,1.3904000,1.3964000,42280
NYMEX.XRB,W,20160404,000000,1.3970000,1.4789000,1.3582000,1.4678000,122973
NYMEX.XRB,W,20160411,000000,1.4673000,1.5425000,1.3990000,1.4214000,120092
NYMEX.XRB,W,20160418,000000,1.4217000,1.5550000,1.4100000,1.5198000,62368
NYMEX.XRB,W,20160425,000000,1.5197000,1.6041000,1.5001000,1.5949000,20015
NYMEX.XRB,W,20160502,000000,1.5957000,1.6105000,1.4655000,1.5134000,148288
NYMEX.XRB,W,20160509,000000,1.5142000,1.6089000,1.4382000,1.6035000,133189
NYMEX.XRB,W,20160516,000000,1.6038000,1.6637000,1.5908000,1.6303000,82718
NYMEX.XRB,W,20160523,000000,1.6262000,1.6664000,1.5960000,1.6305000,34395
NYMEX.XRB,W,20160530,000000,1.6283000,1.6452000,1.5761000,1.6234000,88668
NYMEX.XRB,W,20160606,000000,1.6232000,1.6342000,1.5411000,1.5483000,144693
NYMEX.XRB,W,20160613,000000,1.5480000,1.5519000,1.4589000,1.5159000,107596
NYMEX.XRB,W,20160620,000000,1.5140000,1.6131000,1.5132000,1.5262000,47094
NYMEX.XRB,W,20160627,000000,1.5300000,1.5383000,1.4658000,1.5142000,47855
NYMEX.XRB,W,20160704,000000,1.5143000,1.5244000,1.3523000,1.3668000,121994
NYMEX.XRB,W,20160711,000000,1.3708000,1.4425000,1.3509000,1.4227000,99966
NYMEX.XRB,W,20160718,000000,1.4255000,1.4284000,1.3381000,1.3560000,44468
NYMEX.XRB,W,20160725,000000,1.3595000,1.3615000,1.2760000,1.3328000,19738
NYMEX.XRB,W,20160801,000000,1.3340000,1.3797000,1.2869000,1.3740000,147584
NYMEX.XRB,W,20160808,000000,1.3736000,1.3964000,1.2817000,1.3766000,151529
NYMEX.XRB,W,20160815,000000,1.3759000,1.5158000,1.3541000,1.4950000,95308
NYMEX.XRB,W,20160822,000000,1.4935000,1.5257000,1.4546000,1.4947000,36502
NYMEX.XRB,W,20160829,000000,1.4940000,1.4949000,1.2668000,1.2898000,68307
NYMEX.XRB,W,20160905,000000,1.2892000,1.4227000,1.2891000,1.3654000,120712
NYMEX.XRB,W,20160912,000000,1.3650000,1.4788000,1.3374000,1.4654000,145256
NYMEX.XRB,W,20160919,000000,1.4644000,1.4673000,1.3392000,1.3838000,64482
NYMEX.XRB,W,20160926,000000,1.3850000,1.4942000,1.3655000,1.4542000,20550
NYMEX.XRB,W,20161003,000000,1.4540000,1.5163000,1.4421000,1.4698000,126923
NYMEX.XRB,W,20161010,000000,1.4704000,1.5107000,1.4480000,1.4978000,110783
NYMEX.XRB,W,20161017,000000,1.4974000,1.5370000,1.4755000,1.5266000,64408
NYMEX.XRB,W,20161024,000000,1.5241000,1.5325000,1.4593000,1.4635000,27158
NYMEX.XRB,W,20161031,000000,1.4585000,1.6351000,1.3676000,1.3858000,195898
NYMEX.XRB,W,20161107,000000,1.3864000,1.3870000,1.2953000,1.3003000,125092
NYMEX.XRB,W,20161114,000000,1.3005000,1.3572000,1.2681000,1.3500000,90377
NYMEX.XRB,W,20161121,000000,1.3500000,1.4390000,1.3482000,1.3722000,25950
NYMEX.XRB,W,20161128,000000,1.3758000,1.5732000,1.3615000,1.5498000,72908
NYMEX.XRB,W,20161205,000000,1.5462000,1.5910000,1.4840000,1.5608000,95232
NYMEX.XRB,W,20161212,000000,1.5604000,1.5796000,1.5116000,1.5634000,92158
NYMEX.XRB,W,20161219,000000,1.5633000,1.6323000,1.5517000,1.6205000,35725
NYMEX.XRB,W,20161226,000000,1.6183000,1.7038000,1.6175000,1.6651000,11588
NYMEX.XRB,W,20170102,000000,1.6740000,1.7095000,1.6120000,1.6272000,105270
NYMEX.XRB,W,20170109,000000,1.6287000,1.6337000,1.5410000,1.6123000,131034
NYMEX.XRB,W,20170116,000000,1.6104000,1.6624000,1.5263000,1.5675000,82464
NYMEX.XRB,W,20170123,000000,1.5682000,1.5931000,1.5041000,1.5151000,26156
NYMEX.XRB,W,20170130,000000,1.5160000,1.5919000,1.4991000,1.5667000,98300
NYMEX.XRB,W,20170206,000000,1.5675000,1.6134000,1.4650000,1.5799000,155255
NYMEX.XRB,W,20170213,000000,1.5796000,1.5825000,1.4857000,1.5204000,84759
NYMEX.XRB,W,20170220,000000,1.5233000,1.5586000,1.4838000,1.5200000,20480
NYMEX.XRB,W,20170227,000000,1.5242000,1.7257000,1.4734000,1.6501000,104974
NYMEX.XRB,W,20170306,000000,1.6496000,1.7072000,1.5810000,1.5846000,163448
NYMEX.XRB,W,20170313,000000,1.5845000,1.6108000,1.5623000,1.5880000,116236
NYMEX.XRB,W,20170320,000000,1.5879000,1.6350000,1.5784000,1.6048000,47852
NYMEX.XRB,W,20170327,000000,1.6048000,1.7083000,1.5900000,1.6993000,14083
NYMEX.XRB,W,20170403,000000,1.6998000,1.7660000,1.6839000,1.7472000,114942
NYMEX.XRB,W,20170410,000000,1.7476000,1.7710000,1.7186000,1.7220000,83009
NYMEX.XRB,W,20170417,000000,1.7217000,1.7413000,1.6390000,1.6500000,53160
NYMEX.XRB,W,20170424,000000,1.6500000,1.6554000,1.5382000,1.5430000,21004
NYMEX.XRB,W,20170501,000000,1.5425000,1.5530000,1.4500000,1.5168000,181633
NYMEX.XRB,W,20170508,000000,1.5167000,1.5999000,1.4805000,1.5967000,145110
NYMEX.XRB,W,20170515,000000,1.5967000,1.6639000,1.5597000,1.6620000,98862
NYMEX.XRB,W,20170522,000000,1.6607000,1.6750000,1.5973000,1.6382000,38871
NYMEX.XRB,W,20170529,000000,1.6369000,1.6600000,1.5545000,1.5847000,70660
NYMEX.XRB,W,20170605,000000,1.5851000,1.5888000,1.4782000,1.5072000,150926
NYMEX.XRB,W,20170612,000000,1.5066000,1.5241000,1.4101000,1.4566000,140392
NYMEX.XRB,W,20170619,000000,1.4569000,1.4716000,1.3955000,1.4433000,51910
NYMEX.XRB,W,20170626,000000,1.4434000,1.5241000,1.4121000,1.5107000,16855
NYMEX.XRB,W,20170703,000000,1.5114000,1.5417000,1.4730000,1.5040000,144868
NYMEX.XRB,W,20170710,000000,1.5033000,1.5642000,1.4759000,1.5621000,136190
NYMEX.XRB,W,20170717,000000,1.5619000,1.6341000,1.5499000,1.5616000,77154
NYMEX.XRB,W,20170724,000000,1.5616000,1.7059000,1.5444000,1.7002000,18941
NYMEX.XRB,W,20170731,000000,1.6918000,1.7101000,1.6209000,1.6366000,144167
NYMEX.XRB,W,20170807,000000,1.6360000,1.6494000,1.5852000,1.6073000,162305
NYMEX.XRB,W,20170814,000000,1.6072000,1.6358000,1.5374000,1.6140000,123430
NYMEX.XRB,W,20170821,000000,1.6148000,1.7799000,1.5734000,1.7605000,53797
NYMEX.XRB,W,20170828,000000,1.7601000,2.1705000,1.6864000,1.6921000,93192
NYMEX.XRB,W,20170904,000000,1.6925000,1.7060000,1.6336000,1.6563000,175896
NYMEX.XRB,W,20170911,000000,1.6558000,1.6741000,1.6006000,1.6657000,121452
NYMEX.XRB,W,20170918,000000,1.6657000,1.6783000,1.6205000,1.6680000,49951
NYMEX.XRB,W,20170925,000000,1.6690000,1.7442000,1.5804000,1.5807000,22832
NYMEX.XRB,W,20171002,000000,1.5811000,1.6330000,1.5421000,1.5527000,157487
NYMEX.XRB,W,20171009,000000,1.5529000,1.6359000,1.5366000,1.6320000,110568
NYMEX.XRB,W,20171016,000000,1.6323000,1.6909000,1.6089000,1.6877000,72127
NYMEX.XRB,W,20171023,000000,1.6880000,1.7775000,1.6659000,1.7704000,36016
NYMEX.XRB,W,20171030,000000,1.7682000,1.7998000,1.7335000,1.7810000,114768
NYMEX.XRB,W,20171106,000000,1.7808000,1.8401000,1.7793000,1.8237000,146302
NYMEX.XRB,W,20171113,000000,1.8242000,1.8291000,1.7121000,1.7420000,107286
NYMEX.XRB,W,20171120,000000,1.7406000,1.7948000,1.7174000,1.7850000,23307
NYMEX.XRB,W,20171127,000000,1.7836000,1.7988000,1.7178000,1.7296000,43500
NYMEX.XRB,W,20171204,000000,1.7300000,1.7353000,1.6600000,1.7085000,160891
NYMEX.XRB,W,20171211,000000,1.7089000,1.7589000,1.6438000,1.6607000,141951
NYMEX.XRB,W,20171218,000000,1.6619000,1.7635000,1.6600000,1.7522000,42480
NYMEX.XRB,W,20171225,000000,1.7535000,1.8099000,1.7460000,1.7992000,11073
NYMEX.XRB,W,20180101,000000,1.7930000,1.8111000,1.7588000,1.7864000,116744
NYMEX.XRB,W,20180108,000000,1.7865000,1.8602000,1.7807000,1.8517000,162642
NYMEX.XRB,W,20180115,000000,1.8517000,1.8859000,1.8269000,1.8743000,93881
NYMEX.XRB,W,20180122,000000,1.8735000,1.9510000,1.8600000,1.9419000,32854
NYMEX.XRB,W,20180129,000000,1.9427000,1.9530000,1.8428000,1.8642000,77821
NYMEX.XRB,W,20180205,000000,1.8652000,1.8800000,1.6704000,1.7140000,193044
NYMEX.XRB,W,20180212,000000,1.7145000,1.7663000,1.6519000,1.7646000,117183
NYMEX.XRB,W,20180219,000000,1.7630000,1.8194000,1.7300000,1.8155000,25619
NYMEX.XRB,W,20180226,000000,1.8182000,1.9335000,1.7313000,1.9065000,80223
NYMEX.XRB,W,20180305,000000,1.9059000,1.9486000,1.8644000,1.8983000,138967
NYMEX.XRB,W,20180312,000000,1.8978000,1.9542000,1.8574000,1.9351000,106235
NYMEX.XRB,W,20180319,000000,1.9352000,2.0463000,1.9209000,2.0262000,40102
NYMEX.XRB,W,20180326,000000,2.0285000,2.0340000,1.9940000,2.0231000,12294
NYMEX.XRB,W,20180402,000000,2.0226000,2.0331000,1.9363000,1.9550000,142252
NYMEX.XRB,W,20180409,000000,1.9553000,2.0788000,1.9515000,2.0500000,147205
NYMEX.XRB,W,20180416,000000,2.0501000,2.0987000,2.0253000,2.0944000,85430
NYMEX.XRB,W,20180423,000000,2.0944000,2.1367000,2.0694000,2.1194000,34363
NYMEX.XRB,W,20180430,000000,2.1018000,2.1476000,2.0529000,2.1315000,154362
NYMEX.XRB,W,20180507,000000,2.1322000,2.1959000,2.0614000,2.1749000,174943
NYMEX.XRB,W,20180514,000000,2.1749000,2.2773000,2.1676000,2.2434000,144557
NYMEX.XRB,W,20180521,000000,2.2430000,2.2855000,2.1404000,2.1517000,45140
NYMEX.XRB,W,20180528,000000,2.1518000,2.2070000,2.1297000,2.1382000,45970
NYMEX.XRB,W,20180604,000000,2.1380000,2.1502000,2.0560000,2.1030000,177611
NYMEX.XRB,W,20180611,000000,2.1035000,2.1303000,2.0055000,2.0099000,147536
NYMEX.XRB,W,20180618,000000,2.0096000,2.0732000,1.9975000,2.0437000,70121
NYMEX.XRB,W,20180625,000000,2.0437000,2.1906000,2.0290000,2.1289000,24536
NYMEX.XRB,W,20180702,000000,2.1276000,2.1508000,2.0907000,2.1181000,111360
NYMEX.XRB,W,20180709,000000,2.1170000,2.1749000,2.0438000,2.0976000,136319
NYMEX.XRB,W,20180716,000000,2.0978000,2.1051000,1.9982000,2.0617000,81077
NYMEX.XRB,W,20180723,000000,2.0597000,2.1850000,2.0597000,2.1602000,29358
NYMEX.XRB,W,20180730,000000,2.1608000,2.1783000,2.0226000,2.0653000,102511
NYMEX.XRB,W,20180806,000000,2.0644000,2.1056000,1.9934000,2.0335000,166483
NYMEX.XRB,W,20180813,000000,2.0335000,2.0689000,1.9671000,1.9740000,118645
NYMEX.XRB,W,20180820,000000,1.9741000,2.0888000,1.9732000,2.0742000,47158
NYMEX.XRB,W,20180827,000000,2.0745000,2.1555000,1.9931000,1.9976000,19303
NYMEX.XRB,W,20180903,000000,1.9979000,2.0624000,1.9260000,1.9858000,162783
NYMEX.XRB,W,20180910,000000,1.9856000,2.0424000,1.9564000,1.9765000,172265
NYMEX.XRB,W,20180917,000000,1.9765000,2.0524000,1.9643000,2.0389000,66815
NYMEX.XRB,W,20180924,000000,2.0388000,2.1180000,2.0388000,2.0956000,26946
NYMEX.XRB,W,20181001,000000,2.0953000,2.1500000,2.0662000,2.0702000,157534
NYMEX.XRB,W,20181008,000000,2.0693000,2.0998000,1.9081000,1.9613000,165607
NYMEX.XRB,W,20181015,000000,1.9607000,1.9931000,1.8803000,1.9166000,104239
NYMEX.XRB,W,20181022,000000,1.9160000,1.9232000,1.7670000,1.8114000,39506
NYMEX.XRB,W,20181029,000000,1.8100000,1.8384000,1.6889000,1.6952000,85251
NYMEX.XRB,W,20181105,000000,1.6952000,1.7220000,1.5984000,1.6414000,154365
NYMEX.XRB,W,20181112,000000,1.6407000,1.6617000,1.5240000,1.5849000,132893
NYMEX.XRB,W,20181119,000000,1.5848000,1.5934000,1.3838000,1.4100000,40855
NYMEX.XRB,W,20181126,000000,1.4136000,1.4754000,1.3753000,1.4690000,18243
NYMEX.XRB,W,20181203,000000,1.4684000,1.5177000,1.3748000,1.4800000,157310
NYMEX.XRB,W,20181210,000000,1.4809000,1.4890000,1.4087000,1.4398000,128241
NYMEX.XRB,W,20181217,000000,1.4400000,1.4575000,1.2936000,1.3230000,65727
NYMEX.XRB,W,20181224,000000,1.3215000,1.3510000,1.2450000,1.3470000,11327
NYMEX.XRB,W,20181231,000000,1.3649000,1.3981000,1.2685000,1.3719000,101953
NYMEX.XRB,W,20190107,000000,1.3721000,1.4467000,1.3385000,1.3908000,151496
NYMEX.XRB,W,20190114,000000,1.3905000,1.4677000,1.3605000,1.4545000,129833
NYMEX.XRB,W,20190121,000000,1.4549000,1.4569000,1.3623000,1.3782000,21558
NYMEX.XRB,W,20190128,000000,1.3782000,1.4850000,1.3230000,1.4607000,51722
