<TICKER>,<PER>,<DATE>,<TIME>,<OPEN>,<HIGH>,<LOW>,<CLOSE>,<VOL>
NYMEX.HO,W,20150105,000000,1.7794000,1.7939000,1.6715000,1.6967000,147757
NYMEX.HO,W,20150112,000000,1.6964000,1.7170000,1.5890000,1.6573000,138366
NYMEX.HO,W,20150119,000000,1.6607000,1.6840000,1.6168000,1.6435000,46266
NYMEX.HO,W,20150126,000000,1.6403000,1.7197000,1.6050000,1.6810000,27389
NYMEX.HO,W,20150202,000000,1.6810000,1.8747000,1.6777000,1.8420000,171931
NYMEX.HO,W,20150209,000000,1.8390000,1.9991000,1.7886000,1.9755000,159208
NYMEX.HO,W,20150216,000000,1.9789000,2.2118000,1.9194000,2.2095000,71409
NYMEX.HO,W,20150223,000000,2.2047000,2.3514000,1.9615000,1.9664000,27364
NYMEX.HO,W,20150302,000000,1.9683000,1.9686000,1.8503000,1.8532000,159347
NYMEX.HO,W,20150309,000000,1.8535000,1.8827000,1.6855000,1.7087000,137410
NYMEX.HO,W,20150316,000000,1.7082000,1.7923000,1.6688000,1.7206000,97877
NYMEX.HO,W,20150323,000000,1.7202000,1.8013000,1.6950000,1.7248000,30655
NYMEX.HO,W,20150330,000000,1.7247000,1.7661000,1.6653000,1.7026000,74690
NYMEX.HO,W,20150406,000000,1.7033000,1.7891000,1.6958000,1.7729000,138746
NYMEX.HO,W,20150413,000000,1.7727000,1.9265000,1.7683000,1.8966000,127961
NYMEX.HO,W,20150420,000000,1.8970000,1.9450000,1.8382000,1.9241000,43969
NYMEX.HO,W,20150427,000000,1.9227000,1.9889000,1.9049000,1.9802000,40661
NYMEX.HO,W,20150504,000000,1.9803000,2.0800000,1.9282000,1.9536000,145825
NYMEX.HO,W,20150511,000000,1.9549000,2.0296000,1.9313000,2.0102000,149146
NYMEX.HO,W,20150518,000000,2.0108000,2.0291000,1.9250000,1.9550000,68816
NYMEX.HO,W,20150525,000000,1.9554000,1.9781000,1.8429000,1.9392000,22917
NYMEX.HO,W,20150601,000000,1.9402000,1.9573000,1.8185000,1.8569000,170548
NYMEX.HO,W,20150608,000000,1.8580000,1.9539000,1.8500000,1.8800000,150398
NYMEX.HO,W,20150615,000000,1.8799000,1.9488000,1.8538000,1.8657000,137835
NYMEX.HO,W,20150622,000000,1.8657000,1.9304000,1.8417000,1.8465000,35461
NYMEX.HO,W,20150629,000000,1.8431000,1.8952000,1.7820000,1.7850000,84041
NYMEX.HO,W,20150706,000000,1.7850000,1.7932000,1.6721000,1.7133000,186546
NYMEX.HO,W,20150713,000000,1.7130000,1.7462000,1.6538000,1.6577000,142506
NYMEX.HO,W,20150720,000000,1.6591000,1.6864000,1.6241000,1.6275000,58661
NYMEX.HO,W,20150727,000000,1.6275000,1.6340000,1.5699000,1.5827000,19975
NYMEX.HO,W,20150803,000000,1.5821000,1.5823000,1.5212000,1.5375000,142993
NYMEX.HO,W,20150810,000000,1.5380000,1.6051000,1.5306000,1.5470000,142747
NYMEX.HO,W,20150817,000000,1.5472000,1.5741000,1.4367000,1.4453000,96292
NYMEX.HO,W,20150824,000000,1.4394000,1.5997000,1.3750000,1.5545000,41060
NYMEX.HO,W,20150831,000000,1.5464000,1.6865000,1.5326000,1.5868000,152015
NYMEX.HO,W,20150907,000000,1.5885000,1.6043000,1.5226000,1.5382000,114923
NYMEX.HO,W,20150914,000000,1.5423000,1.5638000,1.4838000,1.5013000,116451
NYMEX.HO,W,20150921,000000,1.5010000,1.5780000,1.4802000,1.5138000,38750
NYMEX.HO,W,20150928,000000,1.5099000,1.5817000,1.4742000,1.5272000,86019
NYMEX.HO,W,20151005,000000,1.5261000,1.6379000,1.5250000,1.5957000,137906
NYMEX.HO,W,20151012,000000,1.5967000,1.6080000,1.4492000,1.4919000,134503
NYMEX.HO,W,20151019,000000,1.4919000,1.4925000,1.4295000,1.4557000,57806
NYMEX.HO,W,20151026,000000,1.4539000,1.5189000,1.4079000,1.5189000,20898
NYMEX.HO,W,20151102,000000,1.5195000,1.5816000,1.4812000,1.5045000,144659
NYMEX.HO,W,20151109,000000,1.5033000,1.5220000,1.3773000,1.3935000,147663
NYMEX.HO,W,20151116,000000,1.3930000,1.4050000,1.3508000,1.3562000,96137
NYMEX.HO,W,20151123,000000,1.3546000,1.4131000,1.3454000,1.3565000,28219
NYMEX.HO,W,20151130,000000,1.3524000,1.3924000,1.3033000,1.3407000,152952
NYMEX.HO,W,20151207,000000,1.3413000,1.3473000,1.1367000,1.1438000,168461
NYMEX.HO,W,20151214,000000,1.1438000,1.1914000,1.0874000,1.1012000,156574
NYMEX.HO,W,20151221,000000,1.1019000,1.1350000,1.0813000,1.1116000,31294
NYMEX.HO,W,20151228,000000,1.1113000,1.1551000,1.0704000,1.1481000,14690
NYMEX.HO,W,20160104,000000,1.1482000,1.1827000,1.0328000,1.0363000,172752
NYMEX.HO,W,20160111,000000,1.0365000,1.0530000,0.9089000,0.9195000,148351
NYMEX.HO,W,20160118,000000,0.9159000,1.0118000,0.8487000,1.0118000,70234
NYMEX.HO,W,20160125,000000,1.0118000,1.0956000,0.9026000,1.0639000,24952
NYMEX.HO,W,20160201,000000,1.0642000,1.1181000,0.9859000,1.0690000,172902
NYMEX.HO,W,20160208,000000,1.0702000,1.0806000,0.9610000,1.0668000,155718
NYMEX.HO,W,20160215,000000,1.0700000,1.1155000,1.0155000,1.0368000,91655
NYMEX.HO,W,20160222,000000,1.0371000,1.1107000,1.0005000,1.0565000,31256
NYMEX.HO,W,20160229,000000,1.0504000,1.1755000,1.0450000,1.1747000,113093
NYMEX.HO,W,20160307,000000,1.1739000,1.2425000,1.1597000,1.2177000,129379
NYMEX.HO,W,20160314,000000,1.2183000,1.2762000,1.1616000,1.2332000,111311
NYMEX.HO,W,20160321,000000,1.2331000,1.2606000,1.1752000,1.2050000,34507
NYMEX.HO,W,20160328,000000,1.2069000,1.2125000,1.1228000,1.1253000,50048
NYMEX.HO,W,20160404,000000,1.1258000,1.2113000,1.0668000,1.2010000,160249
NYMEX.HO,W,20160411,000000,1.1998000,1.2907000,1.1704000,1.1943000,143584
NYMEX.HO,W,20160418,000000,1.1954000,1.3424000,1.1773000,1.3000000,70246
NYMEX.HO,W,20160425,000000,1.2982000,1.4125000,1.2875000,1.3698000,24583
NYMEX.HO,W,20160502,000000,1.3697000,1.3939000,1.3047000,1.3489000,166315
NYMEX.HO,W,20160509,000000,1.3484000,1.4210000,1.2801000,1.4166000,174052
NYMEX.HO,W,20160516,000000,1.4166000,1.5200000,1.4147000,1.4855000,140755
NYMEX.HO,W,20160523,000000,1.4850000,1.5208000,1.4634000,1.4888000,31487
NYMEX.HO,W,20160530,000000,1.4793000,1.5298000,1.4662000,1.4980000,111853
NYMEX.HO,W,20160606,000000,1.4977000,1.5848000,1.4879000,1.5074000,159543
NYMEX.HO,W,20160613,000000,1.5079000,1.5270000,1.4165000,1.4917000,143266
NYMEX.HO,W,20160620,000000,1.4917000,1.5353000,1.4384000,1.4567000,70928
NYMEX.HO,W,20160627,000000,1.4605000,1.5354000,1.4150000,1.5141000,46987
NYMEX.HO,W,20160704,000000,1.5149000,1.5258000,1.3989000,1.4102000,131620
NYMEX.HO,W,20160711,000000,1.4097000,1.4736000,1.3776000,1.4049000,154299
NYMEX.HO,W,20160718,000000,1.4043000,1.4190000,1.3400000,1.3566000,64529
NYMEX.HO,W,20160725,000000,1.3598000,1.3600000,1.2575000,1.3103000,20939
NYMEX.HO,W,20160801,000000,1.3102000,1.3280000,1.2466000,1.3237000,154044
NYMEX.HO,W,20160808,000000,1.3243000,1.4183000,1.3060000,1.4159000,129981
NYMEX.HO,W,20160815,000000,1.4164000,1.5324000,1.4099000,1.5000000,118585
NYMEX.HO,W,20160822,000000,1.5001000,1.5302000,1.4663000,1.4900000,35374
NYMEX.HO,W,20160829,000000,1.4898000,1.5033000,1.3767000,1.4025000,73669
NYMEX.HO,W,20160905,000000,1.4034000,1.4870000,1.3907000,1.4209000,118723
NYMEX.HO,W,20160912,000000,1.4205000,1.4512000,1.3790000,1.4267000,133278
NYMEX.HO,W,20160919,000000,1.4268000,1.4691000,1.3700000,1.4155000,54758
NYMEX.HO,W,20160926,000000,1.4162000,1.5365000,1.3967000,1.5311000,16936
NYMEX.HO,W,20161003,000000,1.5317000,1.6058000,1.5262000,1.5703000,119459
NYMEX.HO,W,20161010,000000,1.5707000,1.6264000,1.5537000,1.5662000,119732
NYMEX.HO,W,20161017,000000,1.5666000,1.6077000,1.5418000,1.5685000,65065
NYMEX.HO,W,20161024,000000,1.5693000,1.5893000,1.5323000,1.5450000,22358
NYMEX.HO,W,20161031,000000,1.5474000,1.5791000,1.4258000,1.4494000,171746
NYMEX.HO,W,20161107,000000,1.4496000,1.4595000,1.3874000,1.3986000,139486
NYMEX.HO,W,20161114,000000,1.3986000,1.4794000,1.3737000,1.4715000,117156
NYMEX.HO,W,20161121,000000,1.4712000,1.5569000,1.4394000,1.4710000,30346
NYMEX.HO,W,20161128,000000,1.4732000,1.6634000,1.4523000,1.6511000,85435
NYMEX.HO,W,20161205,000000,1.6505000,1.7106000,1.6066000,1.6926000,113092
NYMEX.HO,W,20161212,000000,1.6931000,1.7089000,1.6275000,1.6814000,99519
NYMEX.HO,W,20161219,000000,1.6810000,1.6822000,1.6244000,1.6665000,43164
NYMEX.HO,W,20161226,000000,1.6727000,1.7170000,1.6575000,1.7043000,13454
NYMEX.HO,W,20170102,000000,1.7313000,1.7647000,1.6650000,1.6960000,121853
NYMEX.HO,W,20170109,000000,1.6962000,1.7004000,1.6064000,1.6561000,160523
NYMEX.HO,W,20170116,000000,1.6562000,1.6957000,1.6044000,1.6437000,86022
NYMEX.HO,W,20170123,000000,1.6442000,1.6525000,1.5981000,1.6146000,29401
NYMEX.HO,W,20170130,000000,1.6136000,1.6938000,1.6000000,1.6743000,108065
NYMEX.HO,W,20170206,000000,1.6748000,1.6798000,1.6028000,1.6678000,140109
NYMEX.HO,W,20170213,000000,1.6677000,1.6683000,1.6110000,1.6414000,108540
NYMEX.HO,W,20170220,000000,1.6437000,1.6819000,1.6068000,1.6491000,25353
NYMEX.HO,W,20170227,000000,1.6489000,1.6651000,1.5741000,1.5888000,114435
NYMEX.HO,W,20170306,000000,1.5893000,1.6384000,1.4961000,1.5028000,179338
NYMEX.HO,W,20170313,000000,1.5037000,1.5299000,1.4784000,1.5045000,114527
NYMEX.HO,W,20170320,000000,1.5036000,1.5360000,1.4758000,1.5005000,51229
NYMEX.HO,W,20170327,000000,1.4978000,1.5787000,1.4763000,1.5735000,14610
NYMEX.HO,W,20170403,000000,1.5727000,1.6439000,1.5527000,1.6302000,110614
NYMEX.HO,W,20170410,000000,1.6300000,1.6661000,1.6300000,1.6405000,88557
NYMEX.HO,W,20170417,000000,1.6401000,1.6505000,1.5427000,1.5598000,58346
NYMEX.HO,W,20170424,000000,1.5584000,1.5705000,1.4909000,1.5074000,17796
NYMEX.HO,W,20170501,000000,1.5073000,1.5097000,1.3748000,1.4522000,189581
NYMEX.HO,W,20170508,000000,1.4521000,1.5190000,1.4316000,1.5160000,132191
NYMEX.HO,W,20170515,000000,1.5168000,1.5967000,1.5001000,1.5933000,113505
NYMEX.HO,W,20170522,000000,1.5922000,1.6269000,1.5300000,1.5610000,31311
NYMEX.HO,W,20170529,000000,1.5610000,1.5786000,1.4634000,1.4990000,70332
NYMEX.HO,W,20170605,000000,1.4982000,1.5007000,1.4098000,1.4392000,150773
NYMEX.HO,W,20170612,000000,1.4386000,1.4575000,1.4032000,1.4229000,126279
NYMEX.HO,W,20170619,000000,1.4231000,1.4381000,1.3541000,1.3860000,51245
NYMEX.HO,W,20170626,000000,1.3847000,1.4901000,1.3578000,1.4869000,15373
NYMEX.HO,W,20170703,000000,1.4866000,1.5248000,1.4267000,1.4605000,149455
NYMEX.HO,W,20170710,000000,1.4612000,1.5236000,1.4345000,1.5206000,127925
NYMEX.HO,W,20170717,000000,1.5205000,1.5780000,1.4923000,1.5208000,82427
NYMEX.HO,W,20170724,000000,1.5164000,1.6663000,1.5023000,1.6596000,18155
NYMEX.HO,W,20170731,000000,1.6514000,1.6765000,1.6210000,1.6414000,118860
NYMEX.HO,W,20170807,000000,1.6419000,1.6797000,1.6112000,1.6338000,141960
NYMEX.HO,W,20170814,000000,1.6332000,1.6512000,1.5488000,1.6164000,117698
NYMEX.HO,W,20170821,000000,1.6175000,1.6681000,1.5656000,1.6554000,42790
NYMEX.HO,W,20170828,000000,1.6555000,1.7736000,1.6256000,1.7279000,52093
NYMEX.HO,W,20170904,000000,1.7277000,1.7983000,1.6974000,1.7683000,125105
NYMEX.HO,W,20170911,000000,1.7675000,1.8016000,1.7227000,1.7956000,94089
NYMEX.HO,W,20170918,000000,1.7958000,1.8215000,1.7593000,1.8115000,49586
NYMEX.HO,W,20170925,000000,1.8107000,1.8646000,1.7999000,1.8006000,26528
NYMEX.HO,W,20171002,000000,1.8015000,1.8127000,1.7320000,1.7419000,150532
NYMEX.HO,W,20171009,000000,1.7412000,1.8146000,1.7200000,1.8104000,118227
NYMEX.HO,W,20171016,000000,1.8096000,1.8314000,1.7608000,1.8080000,83772
NYMEX.HO,W,20171023,000000,1.8085000,1.8775000,1.7685000,1.8685000,32547
NYMEX.HO,W,20171030,000000,1.8691000,1.9030000,1.8380000,1.8911000,94485
NYMEX.HO,W,20171106,000000,1.8917000,1.9563000,1.8832000,1.9374000,130565
NYMEX.HO,W,20171113,000000,1.9373000,1.9545000,1.8824000,1.9450000,119527
NYMEX.HO,W,20171120,000000,1.9443000,1.9560000,1.9056000,1.9522000,35964
NYMEX.HO,W,20171127,000000,1.9534000,1.9620000,1.8880000,1.9361000,58377
NYMEX.HO,W,20171204,000000,1.9368000,1.9444000,1.8597000,1.9219000,165285
NYMEX.HO,W,20171211,000000,1.9229000,1.9812000,1.8826000,1.9129000,150050
NYMEX.HO,W,20171218,000000,1.9127000,1.9705000,1.9102000,1.9677000,59590
NYMEX.HO,W,20171225,000000,1.9635000,2.0839000,1.9629000,2.0755000,16703
NYMEX.HO,W,20180101,000000,2.0689000,2.0906000,2.0492000,2.0554000,137868
NYMEX.HO,W,20180108,000000,2.0556000,2.0998000,2.0375000,2.0897000,166127
NYMEX.HO,W,20180115,000000,2.0902000,2.1083000,2.0363000,2.0589000,112591
NYMEX.HO,W,20180122,000000,2.0600000,2.1431000,2.0405000,2.1309000,36481
NYMEX.HO,W,20180129,000000,2.1251000,2.1303000,2.0314000,2.0374000,74352
NYMEX.HO,W,20180205,000000,2.0377000,2.0415000,1.8302000,1.8665000,215088
NYMEX.HO,W,20180212,000000,1.8677000,1.9259000,1.8084000,1.9246000,137470
NYMEX.HO,W,20180219,000000,1.9235000,1.9760000,1.9091000,1.9713000,28903
NYMEX.HO,W,20180226,000000,1.9774000,1.9943000,1.8500000,1.8857000,85460
NYMEX.HO,W,20180305,000000,1.8853000,1.9111000,1.8560000,1.8838000,143675
NYMEX.HO,W,20180312,000000,1.8831000,1.9190000,1.8375000,1.9046000,133233
NYMEX.HO,W,20180319,000000,1.9062000,2.0319000,1.8952000,2.0157000,40342
NYMEX.HO,W,20180326,000000,2.0147000,2.0460000,1.9969000,2.0310000,12409
NYMEX.HO,W,20180402,000000,2.0308000,2.0415000,1.9521000,1.9643000,147837
NYMEX.HO,W,20180409,000000,1.9642000,2.1227000,1.9597000,2.0829000,172817
NYMEX.HO,W,20180416,000000,2.0839000,2.1285000,2.0490000,2.1257000,99559
NYMEX.HO,W,20180423,000000,2.1238000,2.1670000,2.1006000,2.1452000,29276
NYMEX.HO,W,20180430,000000,2.1414000,2.1918000,2.0910000,2.1695000,144158
NYMEX.HO,W,20180507,000000,2.1704000,2.2346000,2.1088000,2.2142000,179953
NYMEX.HO,W,20180514,000000,2.2152000,2.3069000,2.2097000,2.2784000,144362
NYMEX.HO,W,20180521,000000,2.2784000,2.2984000,2.1696000,2.1843000,43540
NYMEX.HO,W,20180528,000000,2.1840000,2.2400000,2.1686000,2.1717000,50114
NYMEX.HO,W,20180604,000000,2.1718000,2.1856000,2.1098000,2.1596000,180655
NYMEX.HO,W,20180611,000000,2.1595000,2.1887000,2.0658000,2.0715000,152985
NYMEX.HO,W,20180618,000000,2.0709000,2.1361000,2.0681000,2.0994000,82748
NYMEX.HO,W,20180625,000000,2.0985000,2.2189000,2.0840000,2.1820000,23717
NYMEX.HO,W,20180702,000000,2.1826000,2.2022000,2.1412000,2.1809000,143894
NYMEX.HO,W,20180709,000000,2.1811000,2.2332000,2.0810000,2.1271000,162062
NYMEX.HO,W,20180716,000000,2.1269000,2.1363000,2.0424000,2.1020000,93966
NYMEX.HO,W,20180723,000000,2.1017000,2.1815000,2.0996000,2.1559000,21249
NYMEX.HO,W,20180730,000000,2.1568000,2.1738000,2.0860000,2.1352000,96029
NYMEX.HO,W,20180806,000000,2.1342000,2.1759000,2.1000000,2.1344000,129217
NYMEX.HO,W,20180813,000000,2.1348000,2.1786000,2.0760000,2.0960000,128694
NYMEX.HO,W,20180820,000000,2.0961000,2.2175000,2.0930000,2.2001000,51578
NYMEX.HO,W,20180827,000000,2.2015000,2.2575000,2.1926000,2.2404000,14646
NYMEX.HO,W,20180903,000000,2.2407000,2.3093000,2.1907000,2.2271000,160491
NYMEX.HO,W,20180910,000000,2.2271000,2.2700000,2.1935000,2.2089000,179980
NYMEX.HO,W,20180917,000000,2.2088000,2.2625000,2.1932000,2.2471000,70491
NYMEX.HO,W,20180924,000000,2.2508000,2.3618000,2.2508000,2.3598000,21808
NYMEX.HO,W,20181001,000000,2.3590000,2.4500000,2.3464000,2.3729000,161481
NYMEX.HO,W,20181008,000000,2.3732000,2.4317000,2.2953000,2.3450000,176856
NYMEX.HO,W,20181015,000000,2.3446000,2.3562000,2.2836000,2.3099000,117143
NYMEX.HO,W,20181022,000000,2.3096000,2.3263000,2.2305000,2.3017000,28916
NYMEX.HO,W,20181029,000000,2.2995000,2.2995000,2.1600000,2.1679000,90831
NYMEX.HO,W,20181105,000000,2.1676000,2.2554000,2.1192000,2.1929000,175307
NYMEX.HO,W,20181112,000000,2.1934000,2.2091000,2.0503000,2.0884000,183863
NYMEX.HO,W,20181119,000000,2.0890000,2.0981000,1.8722000,1.9020000,53983
NYMEX.HO,W,20181126,000000,1.9039000,1.9171000,1.7900000,1.9011000,20751
NYMEX.HO,W,20181203,000000,1.9001000,1.9534000,1.8134000,1.8906000,145189
NYMEX.HO,W,20181210,000000,1.8916000,1.8942000,1.8290000,1.8471000,113470
NYMEX.HO,W,20181217,000000,1.8466000,1.8686000,1.7118000,1.7462000,78521
NYMEX.HO,W,20181224,000000,1.7450000,1.7532000,1.6486000,1.6724000,15441
NYMEX.HO,W,20181231,000000,1.7065000,1.8035000,1.6424000,1.7910000,102697
NYMEX.HO,W,20190107,000000,1.7909000,1.9231000,1.7757000,1.8735000,139527
NYMEX.HO,W,20190114,000000,1.8737000,1.9228000,1.8492000,1.9175000,122959
NYMEX.HO,W,20190121,000000,1.9199000,1.9265000,1.8648000,1.8768000,26654
NYMEX.HO,W,20190128,000000,1.8751000,1.9300000,1.8315000,1.9111000,42210
